15
0 -1 49 -1 -1 -1 16 55 57 -1 12 24 51 -1 -1
-1 0 60 -1 25 -1 44 69 82 -1 -1 -1 35 73 11
49 60 0 -1 68 45 21 14 -1 46 81 -1 47 -1 -1
-1 -1 -1 0 42 -1 -1 52 -1 -1 -1 15 -1 -1 83
-1 25 68 42 0 85 -1 53 -1 -1 76 84 -1 -1 -1
-1 -1 45 -1 85 0 -1 -1 17 -1 34 -1 -1 -1 31
16 44 21 -1 -1 -1 0 -1 -1 -1 -1 32 -1 27 -1
55 69 14 52 53 -1 -1 0 -1 -1 -1 74 38 -1 -1
57 82 -1 -1 -1 17 -1 -1 0 80 -1 -1 -1 -1 -1
-1 -1 46 -1 -1 -1 -1 -1 80 0 -1 -1 29 67 -1
12 -1 81 -1 76 34 -1 -1 -1 -1 0 23 -1 43 10
24 -1 -1 15 84 -1 32 74 -1 -1 23 0 -1 -1 -1
51 35 47 -1 -1 -1 -1 38 -1 29 -1 -1 0 -1 37
-1 73 -1 -1 -1 -1 27 -1 -1 67 43 -1 -1 0 -1
-1 11 -1 83 -1 31 -1 -1 -1 -1 10 -1 37 -1 0
